index 1 0.004474656463603619
United_States_09d4 2 3.615703938761843E-4
Geographic_coordinate_system 3 2.895464344879373E-4
Biography 4 2.4480964462282747E-4
2007 5 2.1223951571203316E-4
France 6 1.5227693227298298E-4
2008 7 1.345491196847252E-4
United_Kingdom_5ad7 8 1.3331653312366804E-4
Biological_classification 9 1.3294432221239126E-4
Music_genre 10 1.2991335411721586E-4
Record_label 11 1.2957963599404446E-4
England 12 1.1684284718698574E-4
2006 13 1.1683204943146837E-4
Canada 14 1.0064764284630147E-4
2005 15 9.313190006903893E-5
Internet_Movie_Database_7ea7 16 9.162192472284659E-5
Binomial_nomenclature 17 8.637612993840732E-5
India 18 8.126646823409348E-5
Australia 19 8.112517345774533E-5
Personal_name 20 7.96506459092825E-5
Germany 21 7.802443832098798E-5
Departments_of_France_f3ab 22 7.512463478965845E-5
Studio_album 23 7.399590057758634E-5
2004 24 6.965307234558085E-5
Village 25 6.958709679776538E-5
Japan 26 6.764736829707965E-5
Football_%28soccer%29 27 6.731207440607952E-5
Record_producer 28 6.674150096581431E-5
English_language 29 5.874925108524037E-5
2003 30 5.6826212671122515E-5
Conservation_status 31 5.669257727495735E-5
Politician 32 5.636745558527346E-5
Population_density 33 4.9954193858561734E-5
2001 34 4.994808074946272E-5
London 35 4.980026665697175E-5
Animal 36 4.970110726104684E-5
Europe 37 4.932851121879267E-5
Italy 38 4.89979636368142E-5
World_War_II_d045 39 4.8588030223803125E-5
Album 40 4.826262380588894E-5
Website 41 4.798374854151283E-5
2002 42 4.719637345993563E-5
Wiktionary 43 4.688185905882042E-5
Romania 44 4.6793839330487054E-5
Metre 45 4.669946380585725E-5
1999 46 4.345970078060771E-5
2000 47 4.3344068525895973E-5
Time_zone 48 4.329400707806406E-5
Public_domain 49 4.1971494407597485E-5
Plant 50 4.057759937815268E-5
Square_mile 51 3.945744740688127E-5
Spain 52 3.911400633705477E-5
Elevation 53 3.907594245007453E-5
Actor 54 3.888759787328987E-5
Area 55 3.833144392621956E-5
Square_kilometer 56 3.778217648303193E-5
1998 57 3.679743726691585E-5
Television 58 3.667856162012988E-5
Digital_object_identifier 59 3.645599899851533E-5
New_York_City_1428 60 3.638973400556589E-5
Population 61 3.638162299802086E-5
Poland 62 3.634799745176973E-5
New_York_3da4 63 3.6153129502394354E-5
Flowering_plant 64 3.574964523019535E-5
California 65 3.571264593862739E-5
Sweden 66 3.5688814950037325E-5
Scotland 67 3.565240866544984E-5
Film 68 3.513009304270832E-5
China 69 3.492073678974363E-5
Norway 70 3.459546680536308E-5
Animalia 71 3.412588533475373E-5
Russia 72 3.3705362792940204E-5
Brazil 73 3.344099211612154E-5
1997 74 3.3438496179755324E-5
1996 75 3.238636760263332E-5
List_of_countries 76 3.173839773770456E-5
New_Zealand_2311 77 3.152660309586213E-5
Chordata 78 3.145387891957848E-5
Foot_%28unit_of_length%29 79 3.066550179124622E-5
All_Music_Guide_0e49 80 3.065231833335374E-5
Writer 81 3.058294593363284E-5
Netherlands 82 3.00181625711925E-5
1995 83 2.9881075450944257E-5
Census 84 2.9800899689586207E-5
Building 85 2.979033265686302E-5
School 86 2.943835428883867E-5
Tributary 87 2.9364376366586983E-5
Ireland 88 2.9097634601181187E-5
Magnoliopsida 89 2.8855255263454848E-5
Endemism 90 2.719786904459511E-5
1994 91 2.706658332276685E-5
Rock_music 92 2.6716713646750706E-5
Poet 93 2.6337886094196626E-5
Single_%28music%29 94 2.6157008365064897E-5
1982 95 2.608420824010119E-5
1992 96 2.5982099014199654E-5
1991 97 2.589872586684503E-5
USA_f75d 98 2.5894055441029988E-5
1990 99 2.5565428788910984E-5
Paris 100 2.5458601079350118E-5
